3910372
1 3 : 22816.000000
1 : 856173.000000
1 1 : 360337.000000
1 1 1 : 193883.000000
1 7 : 25898.000000
1 4 : 24858.000000
1 11 : 26392.000000
1 1 1 1 1 1 1 1 1 1 : 17639.000000
1 10 : 17874.000000
1 1 2 : 18631.000000
1 14 : 33622.000000
1 1 18 : 80621.000000
1 18 : 179251.000000
1 1 1 1 18 : 25948.000000
1 1 1 18 : 41791.000000
1 1 1 1 1 1 18 : 11528.000000
1 1 1 1 1 18 : 16697.000000
1 1 1 1 1 : 83142.000000
1 1 1 1 1 1 : 58715.000000
1 6 : 28175.000000
1 1 12 : 12145.000000
1 12 : 38292.000000
1 1 1 1 1 1 1 1 1 1 1 : 13375.000000
1 2 : 69115.000000
1 1 1 1 1 1 1 : 42409.000000
1 1 1 1 1 1 1 1 : 31306.000000
1 1 1 1 1 1 1 1 1 : 23367.000000
1 1 1 1 1 1 1 1 1 1 1 1 : 10178.000000
1 1 1 1 : 123070.000000
5 : 105975.000000
6 7 : 35109.000000
2 2 2 18 : 21902.000000
2 2 2 2 : 67313.000000
5 5 5 5 5 5 5 5 5 5 : 18173.000000
6 7 7 : 23440.000000
12 12 12 12 12 12 12 12 12 12 : 11330.000000
9 : 188716.000000
11 18 : 22494.000000
11 1 : 18171.000000
12 1 : 24368.000000
12 12 : 111803.000000
12 18 : 65613.000000
10 10 10 10 10 : 14503.000000
14 14 14 14 14 18 : 14268.000000
14 14 14 14 14 14 : 54990.000000
13 : 209573.000000
2 2 2 2 2 : 42320.000000
13 13 18 : 29677.000000
13 13 13 : 67380.000000
17 : 15394.000000
8 18 : 73135.000000
8 8 : 308614.000000
8 8 8 8 8 8 8 8 18 : 12031.000000
8 8 8 8 8 8 8 8 8 : 50280.000000
12 12 18 : 25159.000000
12 12 12 : 67845.000000
6 6 18 : 32215.000000
6 6 6 : 64755.000000
6 6 6 6 6 : 26351.000000
5 5 5 5 : 52892.000000
4 4 : 180127.000000
4 1 : 18822.000000
4 7 : 16220.000000
4 18 : 69790.000000
7 4 4 : 12081.000000
14 14 14 14 14 14 14 14 14 : 22276.000000
3 3 3 : 32994.000000
3 3 3 3 3 : 11532.000000
12 12 12 12 12 12 : 25941.000000
4 4 4 4 4 4 4 : 51973.000000
2 : 411458.000000
1 7 7 1 : 11485.000000
6 6 6 18 : 13725.000000
6 6 6 6 : 39678.000000
4 7 4 : 10210.000000
15 18 : 11709.000000
12 12 12 18 : 13522.000000
12 12 12 12 : 46386.000000
8 8 8 8 18 : 32586.000000
8 8 8 8 8 : 147810.000000
6 : 388516.000000
1 14 14 : 18561.000000
12 12 12 12 12 12 12 12 12 : 13581.000000
7 7 7 7 7 7 7 7 7 7 : 12285.000000
10 : 111250.000000
11 11 : 27074.000000
11 11 11 : 12737.000000
7 7 7 7 : 55699.000000
7 7 7 6 : 13306.000000
4 4 4 4 4 4 : 62776.000000
14 : 361298.000000
9 9 9 9 : 20562.000000
14 14 14 14 14 14 14 14 : 29864.000000
18 : 989818.000000
1 7 7 : 16655.000000
2 2 : 196061.000000
2 3 : 10183.000000
7 6 : 27837.000000
12 12 12 12 12 : 33951.000000
10 10 10 10 : 21490.000000
5 5 5 5 5 : 44367.000000
2 2 1 : 11367.000000
8 8 8 8 8 8 : 112190.000000
7 18 : 14601.000000
7 1 : 21974.000000
7 4 : 26434.000000
7 7 : 142788.000000
4 4 4 4 4 4 4 4 4 : 36027.000000
2 2 2 2 2 2 2 : 18492.000000
3 1 : 15488.000000
3 3 : 65096.000000
3 18 : 79699.000000
5 5 5 5 5 5 : 37406.000000
9 9 18 : 19544.000000
2 2 2 2 2 2 2 2 : 12618.000000
6 6 6 6 6 6 : 18416.000000
13 13 13 13 13 13 13 : 10798.000000
8 8 8 8 8 8 8 8 8 8 8 : 29638.000000
1 12 12 : 13391.000000
3 : 196065.000000
6 7 7 7 6 : 10508.000000
8 8 18 : 49757.000000
8 8 8 : 240672.000000
8 8 8 8 8 8 8 8 8 8 : 38590.000000
3 3 3 3 : 18810.000000
14 1 : 23464.000000
14 14 : 224967.000000
14 18 : 80917.000000
7 : 258053.000000
2 1 1 : 12944.000000
14 14 14 14 14 14 18 : 10194.000000
14 14 14 14 14 14 14 : 40383.000000
7 7 7 : 86683.000000
7 7 6 : 18185.000000
7 7 1 : 16723.000000
14 14 18 : 46868.000000
14 14 14 : 152394.000000
14 14 1 : 10942.000000
1 6 6 : 13345.000000
11 : 89580.000000
5 5 5 5 5 5 5 5 5 5 5 : 14734.000000
10 18 : 23157.000000
10 10 : 53112.000000
10 1 : 10890.000000
2 2 2 : 111236.000000
15 : 49603.000000
8 8 8 8 8 18 : 27737.000000
4 4 4 4 4 4 4 4 4 4 4 : 24596.000000
4 4 4 4 4 4 4 4 4 4 : 29901.000000
14 14 14 14 14 14 14 14 14 14 14 : 12456.000000
5 5 5 5 5 5 5 5 5 : 22062.000000
6 15 : 11157.000000
6 6 : 126752.000000
6 1 : 16067.000000
6 18 : 145658.000000
4 4 4 18 : 17433.000000
4 4 4 4 : 95979.000000
7 7 7 7 7 7 : 31630.000000
15 15 : 10201.000000
4 4 4 : 125998.000000
12 12 12 12 12 12 12 12 : 16511.000000
1 2 1 : 23362.000000
13 13 13 18 : 17172.000000
13 13 13 13 : 40806.000000
2 1 : 40894.000000
2 18 : 97920.000000
4 4 4 4 4 4 4 4 4 4 4 4 4 : 15725.000000
1 4 1 : 10565.000000
5 5 5 : 63525.000000
7 7 7 7 7 7 7 7 : 19800.000000
7 7 7 7 7 7 7 : 25075.000000
14 14 14 14 18 : 20399.000000
14 14 14 14 14 : 75925.000000
4 : 328797.000000
8 8 8 8 8 8 8 8 8 8 8 8 8 8 : 13320.000000
4 4 18 : 29632.000000
1 14 14 14 : 12251.000000
2 2 18 : 40676.000000
5 5 5 5 5 5 5 : 31523.000000
14 14 14 14 14 14 14 14 14 14 : 16661.000000
14 14 14 18 : 30352.000000
14 14 14 14 : 106187.000000
8 : 414773.000000
13 14 : 17466.000000
13 18 : 56005.000000
4 4 4 4 4 4 4 4 4 4 4 4 4 4 : 11945.000000
9 9 9 9 9 : 11827.000000
12 : 239781.000000
1 11 1 : 13579.000000
2 2 2 2 18 : 12740.000000
13 13 13 13 13 : 25503.000000
5 5 5 5 5 5 5 5 5 5 5 5 : 11818.000000
8 8 8 8 8 8 8 : 85168.000000
8 8 8 8 8 8 18 : 21116.000000
6 7 7 7 : 18152.000000
2 2 2 2 2 2 : 27671.000000
3 3 18 : 19255.000000
4 4 4 4 4 4 4 4 : 43217.000000
9 18 : 52349.000000
9 9 : 76787.000000
1 2 2 2 : 14558.000000
8 8 8 8 8 8 8 8 8 8 8 8 8 : 17493.000000
13 13 : 114330.000000
7 7 7 7 7 7 7 7 7 : 15525.000000
13 13 13 13 13 13 : 16387.000000
1 12 1 : 13714.000000
8 8 8 18 : 38525.000000
8 8 8 8 : 190005.000000
10 10 10 10 10 10 : 10050.000000
12 12 12 12 12 12 12 : 20446.000000
8 8 8 8 8 8 8 8 8 8 8 8 : 22830.000000
9 9 9 : 38394.000000
10 10 10 : 32791.000000
7 7 7 7 7 : 40316.000000
8 8 8 8 8 8 8 8 : 65524.000000
8 8 8 8 8 8 8 18 : 15373.000000
5 5 : 77817.000000
5 18 : 13061.000000
6 6 6 6 6 6 6 : 13341.000000
4 4 4 4 4 4 4 4 4 4 4 4 : 19915.000000
5 5 5 5 5 5 5 5 : 26469.000000
4 4 4 4 18 : 11671.000000
4 4 4 4 4 : 76873.000000
1 2 2 : 27535.000000
