9317985
1 3 : 23795.000000
1 : 940469.000000
1 1 : 418764.000000
1 1 1 : 242456.000000
1 7 : 28117.000000
1 4 : 27130.000000
1 11 : 27260.000000
1 10 : 18870.000000
1 1 2 : 20290.000000
1 14 : 35992.000000
1 1 1 1 1 1 1 1 1 1 1 1 1 1 1 1 : 30724.000000
1 1 1 1 1 1 1 1 1 1 1 1 1 1 1 1 1 : 29360.000000
1 1 18 : 81814.000000
1 18 : 181521.000000
1 1 1 1 18 : 26460.000000
1 1 1 18 : 42496.000000
1 1 1 1 1 1 18 : 11821.000000
1 1 1 1 1 18 : 17055.000000
1 1 1 1 1 : 122944.000000
1 1 1 1 1 1 1 1 1 1 1 1 1 1 1 1 1 1 1 1 1 1 1 1 1 1 1 1 1 1 1 1 : 21367.000000
1 1 1 1 1 1 : 96021.000000
1 6 : 30579.000000
1 1 12 : 13457.000000
1 12 : 41211.000000
1 1 1 1 1 1 1 1 1 1 : 49101.000000
1 1 14 : 10099.000000
1 2 : 73820.000000
1 1 1 1 1 1 1 1 1 1 1 1 1 1 1 1 1 1 : 28212.000000
1 1 1 1 1 1 1 1 1 1 1 1 1 1 1 1 1 1 1 : 27231.000000
1 1 1 1 1 1 1 1 1 1 1 1 1 1 1 1 1 1 1 1 : 26402.000000
1 1 1 1 : 166328.000000
1 1 1 1 1 1 1 : 77760.000000
1 1 1 1 1 1 1 1 : 65151.000000
1 1 1 1 1 1 1 1 1 : 55911.000000
1 1 1 1 1 1 1 1 1 1 1 : 43895.000000
1 1 1 1 1 1 1 1 1 1 1 1 : 39938.000000
1 1 1 1 1 1 1 1 1 1 1 1 1 : 36814.000000
1 1 1 1 1 1 1 1 1 1 1 1 1 1 1 1 1 1 1 1 1 : 25684.000000
1 1 1 1 1 1 1 1 1 1 1 1 1 1 1 1 1 1 1 1 1 1 1 : 24495.000000
1 1 1 1 1 1 1 1 1 1 1 1 1 1 1 1 1 1 1 1 1 1 1 1 : 23979.000000
1 1 1 1 1 1 1 1 1 1 1 1 1 1 1 1 1 1 1 1 1 1 1 1 1 1 : 23131.000000
1 1 1 1 1 1 1 1 1 1 1 1 1 1 1 1 1 1 1 1 1 1 1 1 1 1 1 : 22778.000000
1 1 1 1 1 1 1 1 1 1 1 1 1 1 1 1 1 1 1 1 1 1 1 1 1 1 1 1 : 22456.000000
1 1 1 1 1 1 1 1 1 1 1 1 1 1 1 1 1 1 1 1 1 1 1 1 1 1 1 1 1 : 22158.000000
1 1 1 1 1 1 1 1 1 1 1 1 1 1 : 34364.000000
1 1 1 1 1 1 1 1 1 1 1 1 1 1 1 : 32352.000000
1 1 1 1 1 1 1 1 1 1 1 1 1 1 1 1 1 1 1 1 1 1 1 1 1 : 23521.000000
1 1 1 1 1 1 1 1 1 1 1 1 1 1 1 1 1 1 1 1 1 1 1 1 1 1 1 1 1 1 : 21879.000000
1 1 1 1 1 1 1 1 1 1 1 1 1 1 1 1 1 1 1 1 1 1 1 1 1 1 1 1 1 1 1 : 21613.000000
16 16 16 : 20215.000000
6 7 : 36783.000000
6 1 : 18177.000000
6 18 : 145726.000000
4 4 4 4 4 4 4 4 4 4 4 4 4 4 4 4 4 4 4 4 4 4 : 15154.000000
8 8 8 8 8 8 8 8 8 8 8 8 8 8 8 8 8 : 15887.000000
1 1 1 1 1 1 1 1 1 1 1 1 1 1 1 1 1 1 1 1 1 1 : 25050.000000
5 5 5 5 5 5 5 5 5 5 : 48620.000000
12 12 12 12 12 12 12 12 12 12 : 21447.000000
9 : 196614.000000
16 16 16 16 16 16 16 16 16 16 16 16 16 16 16 16 : 13695.000000
12 1 : 27158.000000
12 12 : 129836.000000
12 18 : 65778.000000
3 3 3 3 : 23782.000000
14 14 14 14 14 18 : 14193.000000
14 14 14 14 14 14 : 73479.000000
16 16 16 16 16 16 16 16 16 16 16 16 16 16 16 16 16 16 16 16 16 16 16 16 16 16 : 11369.000000
16 16 16 16 16 16 16 16 16 16 16 16 16 16 16 16 16 16 16 16 16 16 : 12180.000000
1 2 2 : 29547.000000
16 16 16 16 16 : 18323.000000
17 : 16972.000000
8 8 8 8 8 8 8 8 18 : 11891.000000
8 8 8 8 8 8 8 8 8 : 64052.000000
7 7 7 7 7 7 7 7 7 7 7 7 7 7 7 7 7 7 7 : 11612.000000
8 8 8 8 8 8 8 8 8 8 8 8 8 8 8 8 8 8 8 : 12220.000000
12 12 18 : 25319.000000
12 12 12 : 83034.000000
5 5 5 5 : 90379.000000
4 4 : 224891.000000
4 2 : 11305.000000
4 1 : 21565.000000
4 7 : 21496.000000
4 18 : 69541.000000
5 5 5 5 5 5 5 5 5 5 5 5 5 5 5 5 5 5 5 5 5 5 5 5 : 17336.000000
14 14 14 14 14 14 14 14 14 : 37434.000000
12 12 12 12 12 12 12 12 12 12 12 12 : 17569.000000
4 4 4 4 4 4 4 : 80801.000000
8 8 8 8 8 8 8 8 8 8 8 8 8 8 8 8 8 8 8 8 : 10788.000000
1 7 7 1 : 12158.000000
16 16 16 16 : 19138.000000
6 6 6 18 : 13723.000000
5 5 5 5 5 5 5 5 5 5 5 5 5 5 5 5 5 5 5 5 5 5 : 19504.000000
12 12 12 12 12 12 12 12 : 27344.000000
4 7 4 : 14361.000000
15 15 : 13450.000000
15 18 : 11740.000000
6 : 414928.000000
12 12 12 12 12 12 12 12 12 : 24031.000000
14 14 14 14 14 14 14 14 14 14 14 14 14 14 : 17122.000000
7 7 7 7 7 7 7 7 7 7 7 7 7 7 7 7 7 : 14321.000000
8 8 8 8 8 8 8 8 : 79876.000000
11 11 11 : 14880.000000
14 : 395880.000000
9 9 9 9 : 22301.000000
5 5 5 5 5 5 5 5 5 5 5 5 5 5 : 34092.000000
5 5 5 5 5 5 5 5 5 5 5 5 5 5 5 5 5 5 5 5 5 : 20773.000000
8 8 8 8 8 8 8 8 8 8 8 8 8 8 8 : 21265.000000
7 18 : 12582.000000
2 1 : 45476.000000
2 4 : 11173.000000
7 4 : 33018.000000
7 6 : 29210.000000
16 16 16 16 16 16 16 : 17119.000000
5 5 5 5 5 5 5 5 5 5 5 5 5 5 5 5 5 5 5 5 5 5 5 5 5 5 5 5 : 14153.000000
3 3 3 3 3 3 : 11630.000000
16 16 16 16 16 16 16 16 16 16 16 : 15323.000000
7 1 : 25214.000000
7 7 : 177517.000000
16 16 16 16 16 16 16 16 16 16 16 16 16 16 16 16 16 16 16 16 : 12646.000000
5 5 5 5 5 5 5 5 5 5 5 5 5 5 5 5 5 5 : 25365.000000
16 16 16 16 16 16 16 16 16 16 16 16 16 16 16 16 16 16 16 16 16 16 16 16 16 16 16 16 16 : 10837.000000
16 16 16 16 16 16 16 16 16 16 : 15715.000000
16 16 16 16 16 16 : 17672.000000
4 4 4 4 4 4 4 4 4 4 4 4 4 4 4 4 : 25938.000000
12 12 12 12 12 12 12 12 12 12 12 12 12 12 12 12 12 : 11381.000000
3 : 207479.000000
6 7 7 7 6 : 10701.000000
8 8 8 : 259534.000000
8 8 8 8 8 8 8 8 8 8 : 51839.000000
12 12 12 12 12 12 12 12 12 12 12 : 19347.000000
4 4 4 4 4 4 4 4 4 4 4 4 4 4 4 4 4 4 4 4 4 4 4 4 4 4 : 11669.000000
2 2 : 222340.000000
12 12 12 12 12 12 12 12 12 12 12 12 12 12 12 12 : 12384.000000
14 14 18 : 46737.000000
14 14 1 : 12428.000000
6 6 6 6 6 6 : 27779.000000
11 : 96817.000000
7 7 7 7 7 7 7 7 7 7 7 7 7 7 : 19742.000000
10 18 : 23121.000000
10 10 : 67908.000000
5 5 5 5 5 5 5 5 5 5 5 5 5 5 5 : 31505.000000
13 : 216125.000000
7 7 7 7 7 7 7 7 7 7 7 7 7 7 7 : 17768.000000
14 14 14 14 14 14 14 14 14 14 14 : 26118.000000
5 5 5 5 5 5 5 5 5 : 53509.000000
2 2 2 2 2 2 2 2 2 : 16840.000000
4 4 4 18 : 17081.000000
4 4 4 4 : 131246.000000
5 5 5 5 5 5 5 5 5 5 5 5 5 5 5 5 5 5 5 5 5 5 5 : 18357.000000
5 5 5 5 5 5 5 5 5 5 5 5 5 5 5 5 5 5 5 5 5 5 5 5 5 : 16429.000000
13 13 13 18 : 17281.000000
13 13 13 13 : 43674.000000
13 18 : 56236.000000
2 3 : 10842.000000
2 18 : 97694.000000
4 4 18 : 29308.000000
16 16 16 16 16 16 16 16 16 16 16 16 16 16 16 16 16 16 16 16 16 16 16 16 16 : 11561.000000
7 7 7 7 7 7 7 : 47011.000000
2 12 : 10062.000000
1 6 6 : 14399.000000
8 8 8 8 8 8 8 8 8 8 8 8 8 8 : 24932.000000
1 12 12 : 14654.000000
5 5 5 5 5 5 5 5 5 5 5 5 5 5 5 5 5 5 5 5 5 5 5 5 5 5 5 5 5 5 5 5 : 11972.000000
4 4 4 : 164975.000000
1 14 14 14 : 13036.000000
14 14 14 14 14 14 14 14 14 14 : 31026.000000
14 14 14 18 : 30246.000000
14 14 14 14 : 128031.000000
8 : 439398.000000
13 13 : 119008.000000
8 8 8 8 8 8 8 8 8 8 8 8 8 8 8 8 8 8 : 13894.000000
4 4 4 4 4 4 4 4 4 4 4 4 4 4 4 4 4 4 4 4 4 4 4 4 4 : 12406.000000
9 9 9 9 9 : 13154.000000
2 2 2 2 18 : 12693.000000
2 2 2 2 2 : 55325.000000
14 14 14 14 14 14 14 14 14 14 14 14 14 14 14 14 : 13780.000000
8 8 8 8 8 8 8 : 100176.000000
8 8 8 8 8 8 18 : 20977.000000
6 7 7 7 : 19468.000000
2 2 2 2 2 2 : 38909.000000
3 3 18 : 19298.000000
4 4 4 4 4 4 4 4 : 70541.000000
16 : 25249.000000
8 8 8 8 8 8 8 8 8 8 8 8 8 : 29465.000000
13 14 : 18090.000000
7 7 7 7 7 7 7 7 7 : 35306.000000
13 13 13 13 13 13 : 18400.000000
16 16 16 16 16 16 16 16 16 16 16 16 16 16 16 16 16 16 : 13149.000000
8 8 8 8 8 8 8 8 8 8 8 8 : 35192.000000
16 16 16 16 16 16 16 16 16 16 16 16 16 16 16 16 16 16 16 16 16 16 16 16 16 16 16 : 11185.000000
10 10 10 : 45095.000000
8 8 8 8 8 8 8 18 : 15237.000000
5 5 : 118987.000000
5 18 : 12626.000000
4 4 4 4 4 4 4 4 4 4 4 4 4 4 4 4 4 4 4 4 4 4 4 4 4 4 4 4 : 10361.000000
4 4 4 4 18 : 11311.000000
4 4 4 4 4 : 109519.000000
7 7 7 7 7 7 7 7 7 7 7 7 7 7 7 7 7 7 7 7 : 10425.000000
12 12 12 12 12 12 12 12 12 12 12 12 12 12 12 : 13479.000000
10 10 10 10 10 10 10 : 14668.000000
7 7 7 7 7 7 7 7 7 7 7 7 7 7 7 7 : 15956.000000
1 11 1 : 14051.000000
4 4 4 4 4 4 4 4 4 4 4 4 4 4 4 4 4 4 4 4 4 4 4 4 4 4 4 : 10981.000000
1 14 1 : 10650.000000
16 16 : 22145.000000
5 5 5 : 102657.000000
5 : 151409.000000
2 2 2 18 : 21852.000000
2 2 2 2 : 82841.000000
5 5 5 5 5 5 5 5 5 5 5 5 5 5 5 5 5 : 27202.000000
5 5 5 5 5 5 5 5 5 5 5 5 5 5 5 5 5 5 5 5 : 22169.000000
6 7 7 : 24802.000000
16 16 16 16 16 16 16 16 16 16 16 16 16 16 16 16 16 16 16 16 16 16 16 16 16 16 16 16 16 16 16 : 10508.000000
4 4 4 4 4 4 4 4 4 4 4 4 4 4 4 4 4 4 4 : 19309.000000
14 14 14 14 14 14 14 14 14 14 14 14 14 14 14 14 14 : 12546.000000
16 16 16 16 16 16 16 16 16 16 16 16 16 16 16 16 16 16 16 16 16 : 12408.000000
5 5 5 5 5 5 5 5 5 5 5 5 5 5 5 5 5 5 5 5 5 5 5 5 5 5 5 5 5 : 13518.000000
16 16 16 16 16 16 16 16 16 16 16 16 16 16 16 16 16 16 16 16 16 16 16 16 : 11761.000000
14 14 14 14 14 14 14 14 14 14 14 14 14 14 14 : 15263.000000
13 13 18 : 29833.000000
13 13 13 : 70957.000000
8 18 : 73116.000000
8 8 : 329235.000000
4 4 4 4 4 4 4 4 4 4 4 4 4 4 4 4 4 : 23303.000000
5 5 5 5 5 5 5 5 5 5 5 5 5 5 5 5 5 5 5 5 5 5 5 5 5 5 5 5 5 5 5 : 12447.000000
16 16 16 16 16 16 16 16 : 16611.000000
6 6 18 : 32260.000000
6 6 6 : 78358.000000
6 6 6 6 6 : 36622.000000
7 4 4 : 15726.000000
12 12 12 18 : 13578.000000
12 12 12 12 : 59967.000000
4 4 4 4 4 4 4 4 4 4 4 4 4 4 4 : 29068.000000
16 16 16 16 16 16 16 16 16 : 16143.000000
3 3 3 : 38634.000000
12 12 12 12 12 12 : 37795.000000
4 4 4 4 4 4 4 4 4 4 4 4 4 4 4 4 4 4 4 4 4 : 16342.000000
2 : 452387.000000
8 8 8 8 8 : 164453.000000
4 4 4 4 4 4 4 4 4 4 4 4 4 4 : 33106.000000
7 6 7 : 10015.000000
16 16 16 16 16 16 16 16 16 16 16 16 16 16 16 : 13985.000000
7 7 7 7 7 7 7 7 7 7 : 31181.000000
16 16 16 16 16 16 16 16 16 16 16 16 : 14954.000000
10 : 131760.000000
14 14 14 14 14 14 18 : 10156.000000
11 18 : 22485.000000
11 11 : 30540.000000
11 1 : 19014.000000
7 7 7 7 : 82674.000000
7 7 7 6 : 14165.000000
6 6 6 6 6 6 6 6 6 : 15088.000000
16 16 16 16 16 16 16 16 16 16 16 16 16 16 16 16 16 16 16 16 16 16 16 16 16 16 16 16 16 16 : 10671.000000
5 5 5 5 5 5 5 5 5 5 5 5 5 5 5 5 5 5 5 5 5 5 5 5 5 5 : 15613.000000
8 8 8 8 8 8 8 8 8 8 8 8 8 8 8 8 : 18313.000000
2 2 2 2 2 2 2 2 2 2 2 : 11247.000000
14 14 14 14 14 14 14 14 : 45977.000000
18 : 989818.000000
12 12 12 12 12 : 46530.000000
7 7 7 7 7 7 7 7 7 7 7 7 7 7 7 7 7 7 : 12905.000000
10 10 10 10 : 32134.000000
5 5 5 5 5 : 80422.000000
2 2 2 : 130704.000000
2 2 1 : 13104.000000
2 2 18 : 40558.000000
14 14 14 : 176668.000000
8 8 8 8 8 18 : 27604.000000
8 8 8 8 8 8 : 127951.000000
4 4 4 4 4 4 4 4 4 : 62054.000000
6 6 6 6 6 6 6 6 6 6 : 12897.000000
7 7 7 7 7 7 : 54811.000000
2 2 2 2 2 2 2 : 28426.000000
3 1 : 16517.000000
3 3 : 71988.000000
3 18 : 79857.000000
5 5 5 5 5 5 : 72173.000000
7 7 7 7 7 7 7 7 7 7 7 7 7 : 21989.000000
14 14 14 14 14 14 14 14 14 14 14 14 : 22378.000000
4 4 4 4 4 4 4 4 4 4 4 4 4 4 4 4 4 4 4 4 : 17719.000000
9 9 18 : 19633.000000
9 9 9 : 40806.000000
2 2 2 2 2 2 2 2 : 21528.000000
13 13 13 13 13 13 13 : 12579.000000
8 8 8 8 8 8 8 8 8 8 8 : 42419.000000
16 16 16 16 16 16 16 16 16 16 16 16 16 16 16 16 16 : 13417.000000
2 2 2 2 2 2 2 2 2 2 : 13593.000000
1 14 14 : 19713.000000
10 10 10 10 10 : 23905.000000
5 5 5 5 5 5 5 5 5 5 5 5 5 : 37011.000000
12 12 12 12 12 12 12 12 12 12 12 12 12 12 : 14686.000000
14 1 : 26361.000000
14 14 : 252592.000000
14 18 : 80697.000000
7 : 305615.000000
6 6 6 6 6 6 6 6 : 17995.000000
2 1 1 : 14734.000000
2 1 2 : 10903.000000
14 14 14 14 14 14 14 : 57595.000000
7 7 7 : 116652.000000
7 7 6 : 19188.000000
7 7 1 : 19181.000000
5 5 5 5 5 5 5 5 5 5 5 5 5 5 5 5 5 5 5 5 5 5 5 5 5 5 5 : 14856.000000
5 5 5 5 5 5 5 5 5 5 5 5 5 5 5 5 5 5 5 5 5 5 5 5 5 5 5 5 5 5 : 12961.000000
1 2 1 : 25487.000000
5 5 5 5 5 5 5 5 5 5 5 : 44209.000000
15 : 56576.000000
14 14 14 14 18 : 20326.000000
14 14 14 14 14 : 95922.000000
6 6 6 6 : 51275.000000
10 1 : 11944.000000
16 16 16 16 16 16 16 16 16 16 16 16 16 16 16 16 16 16 16 16 16 16 16 16 16 16 16 16 : 11009.000000
6 15 : 11516.000000
6 6 : 143982.000000
6 2 : 10718.000000
14 14 14 14 14 14 14 14 14 14 14 14 14 14 14 14 14 14 14 : 10701.000000
7 7 7 7 7 7 7 7 7 7 7 : 27711.000000
3 3 3 3 3 : 16080.000000
16 16 16 16 16 16 16 16 16 16 16 16 16 : 14611.000000
10 10 10 10 10 10 10 10 : 11948.000000
4 4 4 4 4 4 : 93327.000000
4 4 4 4 4 4 4 4 4 4 4 4 4 : 37761.000000
7 7 7 7 7 7 7 7 : 40582.000000
4 4 4 4 4 4 4 4 4 4 4 4 4 4 4 4 4 4 4 4 4 4 4 : 14120.000000
8 8 8 8 18 : 32456.000000
6 6 6 6 6 6 6 6 6 6 6 : 11172.000000
1 7 7 : 17924.000000
1 4 1 : 11755.000000
4 : 386217.000000
16 16 16 16 16 16 16 16 16 16 16 16 16 16 16 16 16 16 16 16 16 16 16 : 11965.000000
5 5 5 5 5 5 5 : 65117.000000
12 12 12 12 12 12 12 12 12 12 12 12 12 12 12 12 12 12 : 10443.000000
14 14 14 14 14 14 14 14 14 14 14 14 14 14 14 14 14 14 : 11537.000000
1 12 1 : 15076.000000
16 16 16 16 16 16 16 16 16 16 16 16 16 16 : 14291.000000
16 16 16 16 16 16 16 16 16 16 16 16 16 16 16 16 16 16 16 16 16 16 16 16 16 16 16 16 16 16 16 16 : 10349.000000
12 : 264899.000000
4 4 4 4 4 4 4 4 4 4 4 : 48473.000000
13 13 13 13 13 : 27836.000000
5 5 5 5 5 5 5 5 5 5 5 5 : 40334.000000
16 16 16 16 16 16 16 16 16 16 16 16 16 16 16 16 16 16 16 : 12890.000000
9 18 : 52655.000000
9 9 : 80559.000000
9 1 : 10065.000000
1 2 2 2 : 15607.000000
5 5 5 5 5 5 5 5 5 5 5 5 5 5 5 5 5 5 5 : 23694.000000
7 7 7 7 7 7 7 7 7 7 7 7 : 24682.000000
8 8 8 18 : 38375.000000
8 8 8 8 : 207680.000000
4 4 4 4 4 4 4 4 4 4 4 4 4 4 4 4 4 4 4 4 4 4 4 4 : 13215.000000
10 10 10 10 10 10 : 18454.000000
7 7 7 7 7 : 65015.000000
6 6 6 6 6 6 6 : 22012.000000
4 4 4 4 4 4 4 4 4 4 : 54795.000000
4 4 4 4 4 4 4 4 4 4 4 4 : 42844.000000
12 12 12 12 12 12 12 : 31738.000000
14 14 14 14 14 14 14 14 14 14 14 14 14 : 19430.000000
4 4 4 4 4 4 4 4 4 4 4 4 4 4 4 4 4 4 : 21163.000000
5 5 5 5 5 5 5 5 : 58962.000000
8 8 18 : 49596.000000
12 12 12 12 12 12 12 12 12 12 12 12 12 : 16043.000000
5 5 5 5 5 5 5 5 5 5 5 5 5 5 5 5 : 29234.000000
